 85
 .001970 .046802
 .005447 .041391
 .001266 .038858
 .001245 .021207
 .000914 .029881
 .002832 .039326
 -.001542 .040471
 .002817 .028801
 .001908 .024050
 .002024 .033137
 .004070 .036366
 .002534 .048535
 .008826 .037873
 -.000130 .031475
 .003361 .023833
 .001090 .038077
 -.000037 .030097
 .001328 .040359
 -.000167 .030894
 .000285 .026284
 .001105 .032203
 .002918 .025267
 .000392 .033645
 .002039 .031146
 .001228 .058437
 .001855 .053132
 .003207 .033439
 .001891 .032623
 .007508 .040297
 .003105 .026633
 .001689 .026463
 -.002035 .063085
 .000016 .031252
 -.003374 .039594
 .000838 .033617
 .000664 .036449
 .005539 .044632
 .009794 .053247
 -.002406 .040633
 .002645 .025655
 .003175 .032412
 -.002834 .038051
 .002508 .032521
 -.001512 .037999
 .002117 .029555
 .003928 .033046
 .002519 .031327
 .001568 .042632
 .003757 .031733
 -.000912 .032804
 .000944 .031764
 -.000868 .035443
 .002372 .030647
 .001850 .030298
 -.000203 .064216
 .002339 .037533
 .002487 .028444
 -.001319 .047133
 .003260 .035423
 -.002344 .055700
 .002959 .028256
 -.001192 .048429