  .0039710000  .0016485224
  .0039690536  .0016336158
  .0039671067  .0016188909
  .0039651603  .0016043547
  .0039632134  .0015900003
  .0039612670  .0015758345
  .0039593206  .0015618540
  .0039573737  .0015480554
  .0039554273  .0015344453
  .0039534804  .0015210172
  .0039515340  .0015077775
  .0039495876  .0014947231
  .0039476407  .0014818508
  .0039456943  .0014691668
  .0039437478  .0014566678
  .0039418010  .0014443514
  .0039398546  .0014322230
  .0039379077  .0014202769
  .0039359613  .0014085190
  .0039340148  .0013969462
  .0039320680  .0013855561
  .0039301216  .0013743538
  .0039281747  .0013633340
  .0039262282  .0013525021
  .0039242818  .0013418555
  .0039223349  .0013313915
  .0039203885  .0013211153
  .0039184417  .0013110219
  .0039164952  .0013011161
  .0039145488  .0012913954
  .0039126019  .0012818579
  .0039106555  .0012725077
  .0039087091  .0012633428
  .0039067622  .0012543609
  .0039048156  .0012455654
  .0039028692  .0012369560
  .0039009225  .0012285309
  .0038989759  .0012202912
  .0038970292  .0012122365
  .0038950828  .0012043681
  .0038931362  .0011966840
  .0038911895  .0011891850
  .0038892428  .0011818714
  .0038872962  .0011747430
  .0038853498  .0011678007
  .0038834031  .0011610427
  .0038814565  .0011544700
  .0038795098  .0011480825
  .0038775634  .0011418811
  .0038756168  .0011358640
  .0038736701  .0011300323
  .0038717235  .0011243858
  .0038697768  .0011189245
  .0038678304  .0011136491
  .0038658838  .0011085583
  .0038639371  .0011036527
  .0038619904  .0010989321
  .0038600426  .0010943340
  .0038580946  .0010898095
  .0038561466  .0010853592
  .0038541986  .0010809831
  .0038522494  .0010766719
  .0038502997  .0010723876
  .0038483497  .0010681252
  .0038463997  .0010638851
  .0038444497  .0010596674
  .0038425000  .0010554725
  .0038405500  .0010512995
  .0038386000  .0010471487
  .0038366500  .0010430204
  .0038347000  .0010389144
  .0038327503  .0010348312
  .0038308003  .0010307699
  .0038288503  .0010267309
  .0038269003  .0010227143
  .0038249503  .0010187200
  .0038230006  .0010147485
  .0038210506  .0010107989
  .0038191006  .0010068717
  .0038171506  .0010029668
  .0038152008  .0009990847
  .0038132509  .0009952244
  .0038113009  .0009913866
  .0038093509  .0009875710
  .0038074009  .0009837778
  .0038054511  .0009800074
  .0038035011  .0009762589
  .0038015512  .0009725328
  .0037996012  .0009688290
  .0037976514  .0009651480
  .0037957014  .0009614888
  .0037937514  .0009578521
  .0037918015  .0009542376
  .0037898515  .0009506455
  .0037879017  .0009470762
  .0037859517  .0009435288
  .0037840017  .0009400037
  .0037820517  .0009365011
  .0037801020  .0009330211
  .0037781520  .0009295631
  .0037762020  .0009261274
  .0037742520  .0009227141
  .0037723021  .0009193232
  .0037703523  .0009159549
  .0037684023  .0009126086
  .0037664523  .0009092847
  .0037645023  .0009059831
  .0037625526  .0009027042
  .0037606026  .0008994472
  .0037586526  .0008962127
  .0037567026  .0008930004
  .0037547526  .0008898106
  .0037528028  .0008866434
  .0037508529  .0008834982
  .0037489029  .0008803754
  .0037469529  .0008772749
  .0037450031  .0008741971
  .0037430532  .0008711413
  .0037411031  .0008681078
  .0037391532  .0008650967
  .0037372032  .0008621079
  .0037352534  .0008591418
  .0037333034  .0008561977
  .0037313534  .0008532760
  .0037294034  .0008503766
  .0037274535  .0008474995
  .0037255043  .0008446430
  .0037235548  .0008418047
  .0037216054  .0008389848
  .0037196559  .0008361835
  .0037177067  .0008334010
  .0037157572  .0008306367
  .0037138078  .0008278910
  .0037118583  .0008251638
  .0037099088  .0008224549
  .0037079596  .0008197650
  .0037060102  .0008170934
  .0037040607  .0008144402
  .0037021113  .0008118055
  .0037001620  .0008091896
  .0036982126  .0008065920
  .0036962631  .0008040128
  .0036943137  .0008014522
  .0036923642  .0007989101
  .0036904150  .0007963868
  .0036884655  .0007938818
  .0036865161  .0007913952
  .0036845666  .0007889271
  .0036826174  .0007864779
  .0036806679  .0007840469
  .0036787185  .0007816344
  .0036767691  .0007792404
  .0036748195  .0007768649
  .0036728703  .0007745082
  .0036709209  .0007721698
  .0036689714  .0007698499
  .0036670220  .0007675485
  .0036650727  .0007652659
  .0036631233  .0007630015
  .0036611738  .0007607556
  .0036592244  .0007585282
  .0036572749  .0007563194
  .0036553257  .0007541294
  .0036533763  .0007519576
  .0036514267  .0007498043
  .0036494773  .0007476695
  .0036475279  .0007455533
  .0036455786  .0007434558
  .0036436292  .0007413765
  .0036416797  .0007393158
  .0036397302  .0007372736
  .0036377811  .0007352502
  .0036358316  .0007332450
  .0036338821  .0007312584
  .0036319327  .0007292902
  .0036299832  .0007273406
  .0036280340  .0007254097
  .0036260845  .0007234972
  .0036241351  .0007216031
  .0036221856  .0007197275
  .0036202364  .0007178707
  .0036182870  .0007160322
  .0036163374  .0007142121
  .0036143880  .0007124106
  .0036124386  .0007106277
  .0036104893  .0007088634
  .0036085399  .0007071175
  .0036065904  .0007053900
  .0036046409  .0007036811
  .0036026917  .0007019909
  .0036007423  .0007003190
  .0035987928  .0006986656
  .0035968434  .0006970308
  .0035948939  .0006954144
  .0035929447  .0006938168
  .0035909952  .0006922375
  .0035890458  .0006906767
  .0035870963  .0006891344
  .0035851471  .0006876108
  .0035831976  .0006861055
  .0035812482  .0006846188
  .0035792987  .0006831506
  .0035773493  .0006817009
  .0035754001  .0006802699
  .0035734506  .0006788572
  .0035715011  .0006774630
  .0035695517  .0006760873
  .0035676024  .0006747304
  .0035656519  .0006733901
  .0035637009  .0006720612
  .0035617498  .0006707434
  .0035597988  .0006694367
  .0035578479  .0006681411
  .0035558969  .0006668565
  .0035539459  .0006655829
  .0035519948  .0006643203
  .0035500437  .0006630688
  .0035480929  .0006618285
  .0035461419  .0006605991
  .0035441909  .0006593808
  .0035422398  .0006581734
  .0035402890  .0006569774
  .0035383379  .0006557921
  .0035363869  .0006546180
  .0035344358  .0006534549
  .0035324848  .0006523028
  .0035305340  .0006511620
  .0035285830  .0006500320
  .0035266319  .0006489131
  .0035246808  .0006478052
  .0035227300  .0006467086
  .0035207790  .0006456228
  .0035188279  .0006445481
  .0035168769  .0006434845
  .0035149258  .0006424318
  .0035129750  .0006413904
  .0035110240  .0006403599
  .0035090729  .0006393404
  .0035071219  .0006383321
  .