 225
 -.001117 .037894
 .003123 .049735
 -.003471 .048318
 -.000585 .043137
 -.000769 .035887
 -.003124 .045160
 -.003250 .054829
 -.002174 .034194
 .003730 .034799
 -.002450 .064958
 -.000950 .029930
 -.003700 .047107
 -.001122 .042590
 -.002441 .050350
 -.001706 .047180
 -.004615 .051180
 -.003774 .058385
 -.000704 .037501
 -.001872 .035280
 -.003547 .048579
 -.001909 .047002
 -.001519 .039626
 -.001770 .054052
 -.002970 .041788
 -.002909 .049629
 -.000913 .041824
 -.003166 .051606
 -.001573 .031315
 -.004037 .046836
 -.002049 .037853
 -.001934 .041460
 -.000024 .045483
 -.002685 .050731
 -.000048 .045524
 .000078 .043863
 .000727 .043571
 -.000184 .033152
 .000267 .039716
 -.001631 .032948
 .003083 .031111
 -.000721 .039195
 -.000505 .032651
 .003389 .033657
 -.003688 .050066
 -.002193 .036201
 -.001267 .046270
 -.001512 .046117
 -.000185 .034361
 -.002784 .040592
 .000599 .044473
 -.001045 .041636
 -.001868 .058111
 -.002630 .050323
 -.003235 .049163
 -.004201 .043052
 -.001152 .050710
 -.008489 .058303
 -.000333 .043148
 -.001063 .046679
 .000047 .0