 89
 .003748 .034225
 .005254 .030476
 .003050 .036061
 .002232 .044729
 .004411 .037047
 .003561 .037604
 -.000970 .028845
 .001430 .045563
 .004703 .033162
 .006346 .039256
 .001377 .035770
 .000449 .036987
 .002775 .038363
 .002028 .029409
 .002299 .029261
 .001821 .034917
 .000457 .036059
 .008209 .038944
 .004690 .040809
 -.000069 .028275
 .002155 .029984
 .004220 .035942
 .001754 .034711
 .002023 .032027
 .002462 .024911
 .004200 .031547
 .003313 .033658
 .001853 .043067
 .006864 .046104
 .003174 .030474
 .001330 .033124
 .001191 .028770
 .001845 .036336
 .001956 .035746
 .001296 .033991
 .000920 .036437
 .005468 .030368
 .002480 .040487
 .002187 .032122
 .000995 .048195
 .001849 .027878
 .003308 .038102
 .000868 .034218
 .004946 .035377
 -.001126 .030716
 .001907 .025092
 .002999 .032469
 .003122 .033338
 .002128 .035132
 .001910 .029220
 .001902 .029090
 .003216 .035885
 .004296 .026990
 .000371 .045144
 .004798 .046351
 .001511 .030168
 .003440 .039785
 .002259 .035393
 .002529 .032115
 .002829 .030069
 .002201 .033319
 .003781 .023641
 -.000083 .030838
 .002018 .034340
 .000659 .030586
 .003995 .035235
 .001368 .036356
 .003866 .034226
 .003047 .039768
 .003172 .042155
 .005693 .053099
 .004033 .031358
 .002569 .025676
 .001774 .036991
 .002167 .026031
 .004241 .033421
 .003242 .027458
 .000651 .029354
 .001916 .031914
 .002755 .036497
 .002480 .028115
 .004750 .034749
 .002645 .029507
 .003342 .045996
 .000039 .032916
 .002306 .026214
 .002421 .035977
 .004007 .035529
 .003263 .046543
 1 1 1.000000
 1 2 .169599
 1 3 .282126
 1 4 .256150
 1 5 .420913
 1 6 .493473
 1 7 .383985
 1 8 .342678
 1 9 .227698
 1 10 .341189
 1 11 .204100
 1 12 .206360
 1 13 .352118
 1 14 .299080
 1 15 .304513
 1 16 .310452
 1 17 .288624
 1 18 .255731
 1 19 .498055
 1 20 .327585
 1 21 .384145
 1 22 .251654
 1 23 .320735
 1 24 .313059
 1 25 .248104
 1 26 .347169
 1 27 .451506
 1 28 .255272
 1 29 .364327
 1 30 .207271
 1 31 .294984
 1 32 .342115
 1 33 .285291
 1 34 .293060
 1 35 .377035
 1 36 .264400
 1 37 .205011
 1 38 .352726
 1 39 .258737
 1 40 .152305
 1 41 .323502
 1 42 .229817
 1 43 .358845
 1 44 .548195
 1 45 .277757
 1 46 .188812
 1 47 .350728
 1 48 .317354
 1 49 .252096
 1 50 .366956
 1 51 .390219
 1 52 .359467
 1 53 .316784
 1 54 .196109
 1 55 .153519
 1 56 .203489
 1 57 .319185
 1 58 .305682
 1 59 .298051
 1 60 .327673
 1 61 .295715
 1 62 .382286
 1 63 .244049
 1 64 .236321
 1 65 .373599
 1 66 .294772
 1 67 .135415
 1 68 .439520
 1 69 .295305
 1 70 .376196
 1 71 .157164
 1 72 .233170
 1 73 .378613
 1 74 .256878
 1 75 .317843
 1 76 .209799
 1 77 .318097
 1 78 .308835
 1 79 .338496
 1 80 .446822
 1 81 .398948
 1 82 .123455
 1 83 .310327
 1 84 .235339
 1 85 .241057
 1 86 .365122
 1 87 .196632
 1 88 .325126
 1 89 .147102
 2 2 1.000000
 2 3 .108874
 2 4 .168115
 2 5 .266227
 2 6 .291169
 2 7 .156167
 2 8 .146791
 2 9 .108278
 2 10 .218066
 2 11 .174412
 2 12 .223987
 2 13 .137744
 2 14 .131186
 2 15 .173966
 2 16 .209993
 2 17 .219688
 2 18 .141412
 2 19 .289213
 2 20 .075832
 2 21 .213492
 2 22 .279290
 2 23 .068647
 2 24 .139222
 2 25 .098381
 2 26 .183984
 2 27 .211545
 2 28 .113827
 2 29 .241490
 2 30 .092826
 2 31 .133796
 2 32 .154218
 2 33 .004328
 2 34 .148905
 2 35 .071864
 2 36 .175113
 2 37 .909412
 2 38 .225511
 2 39 .164387
 2 40 .148110
 2 41 .083553
 2 42 .264821
 2 43 .072611
 2 44 .305565
 2 45 .076256
 2 46 .156487
 2 47 .126375
 2 48 .219229
 2 49 .266910
 2 50 .177579
 2 51 .196028
 2 52 .106991
 2 53 .170547
 2 54 .161574
 2 55 .193789
 2 56 .159224
 2 57 .143117
 2 58 .141191
 2 59 .180765
 2 60 .135021
 2 61 .213742
 2 62 .153639
 2 63 .093647
 2 64 .098003
 2 65 .124185
 2 66 .163935
 2 67 .113686
 2 68 .225485
 2 69 .155014
 2 70 .248069
 2 71 .055919
 2 72 .042729
 2 73 .236877
 2 7