  .0108650000  .0047755010
  .0108609579  .0047677406
  .0108569167  .0047599943
  .0108528746  .0047522585
  .0108488325  .0047445351
  .0108447913  .0047368258
  .0108407492  .0047291270
  .0108367071  .0047214406
  .0108326659  .0047137682
  .0108286238  .0047061064
  .0108245817  .0046984570
  .0108205405  .0046908216
  .0108164984  .0046831968
  .0108124572  .0046755861
  .0108084151  .0046679859
  .0108043730  .0046603982
  .0108003319  .0046528244
  .0107962898  .0046452613
  .0107922476  .0046377104
  .0107882065  .0046301737
  .0107841644  .0046226475
  .0107801222  .0046151337
  .0107760811  .0046076340
  .0107720390  .0046001448
  .0107679968  .0045926679
  .0107639557  .0045852051
  .0107599136  .0045777529
  .0107558715  .0045703131
  .0107518303  .0045628873
  .0107477882  .0045554721
  .0107437461  .0045480693
  .0107397049  .0045406804
  .0107356628  .0045333022
  .0107316216  .0045259380
  .0107275795  .0045185845
  .0107235374  .0045112433
  .0107194962  .0045039161
  .0107154541  .0044965996
  .0107114120  .0044892953
  .0107073708  .0044820051
  .0107033287  .0044747255
  .0106992866  .0044674583
  .0106952454  .0044602050
  .0106912033  .0044529625
  .0106871612  .0044457322
  .0106831201  .0044385160
  .0106790779  .0044313104
  .0106750358  .0044241171
  .0106709947  .0044169379
  .0106669525  .0044097693
  .0106629104  .0044026130
  .0106588693  .0043954707
  .0106548271  .0043883391
  .0106507860  .0043812215
  .0106467439  .0043741145
  .0106427017  .0043670199
  .0106386606  .0043599392
  .0106346184  .0043528692
  .0106305764  .0043458116
  .0106265352  .0043387679
  .0106224931  .0043317350
  .0106184510  .0043247143
  .0106144098  .0043177076
  .0106103677  .0043107116
  .0106063255  .0043037279
  .0106022844  .0042967582
  .0105982423  .0042897993
  .0105942002  .0042828526
  .0105901590  .0042759198
  .0105861169  .0042689979
  .0105820748  .0042620882
  .0105780336  .0042551924
  .0105739915  .0042483074
  .0105699503  .0042414363
  .0105659082  .0042345760
  .0105618661  .0042277279
  .0105578249  .0042208938
  .0105537828  .0042140704
  .0105497407  .0042072594
  .0105456995  .0042004622
  .0105416574  .0041936758
  .0105376153  .0041869018
  .0105335741  .0041801417
  .0105295320  .0041733922
  .0105254899  .0041666552
  .0105214487  .0041599320
  .0105174067  .0041532197
  .0105133645  .0041465195
  .0105093233  .0041398333
  .0105052812  